23	500	73	111	391	308	277	441	195	223	41	348	409	120	194	96	391	93	36	111	18	444	214	119	49	386	381	184	238	201	386	118	241	289	199	496	144	218	137	424	439	432	80	491	159	369	116	308	50	159	7	298	67	298	18	215	328	17	305	9	97	368	270	402	395	285	59	368	279	350	404	75	456	228	330	157	446	99	235	55
210	181	199	389	144	318	116	300	205	472	231	333	321	0	0	492	329	474	156	324	498	425	66	270	432	469	80	3	441	79	359	75	378	46	33	495	253	466	448	280	423	405	218	151	307	428	36	63	404	191	223	481	346	222	268	155	345	423	105	230	60	259	243	393	277	174	387	172	414	226	426	330	183	274	483	58	437	280	316	66
237	335	325	363	62	416	65	342	64	85	437	477	142	428	437	284	305	23	496	214	326	99	414	83	82	235	307	9	119	229	83	113	408	497	284	382	43	215	45	306	190	449	372	24	269	69	441	240	62	30	22	289	411	150	201	360	242	196	210	261	471	146	18	76	419	413	500	20	278	249	258	244	416	55	217	180	346	169	210	220
485	407	66	313	254	141	178	337	425	447	74	111	322	308	313	288	397	361	4	488	309	227	73	439	285	71	140	447	178	237	347	498	95	490	346	109	3	246	135	438	103	240	182	472	363	445	164	238	276	462	476	190	459	58	428	330	9	460	198	417	66	318	310	420	20	178	50	163	354	442	54	129	348	0	158	184	16	391	23	406
288	290	227	161	92	273	112	498	390	16	464	311	86	159	194	436	165	229	487	452	445	267	362	254	114	296	448	311	243	211	165	185	370	115	42	298	179	457	62	428	373	332	486	235	468	353	207	31	184	49	405	302	106	290	198	394	151	481	56	234	235	89	375	431	235	334	496	424	30	218	442	381	482	254	313	261	207	31	438	493
12	453	39	359	376	340	131	432	256	241	110	486	323	487	9	433	141	92	117	352	207	187	383	462	360	206	388	253	318	167	398	199	377	288	33	350	370	84	118	170	292	164	277	326	118	427	411	423	156	9	53	255	162	104	319	318	145	17	132	463	286	397	241	324	155	282	77	102	200	451	440	438	352	483	256	214	196	437	188	63
96	398	324	292	167	13	5	61	328	168	264	14	165	345	163	151	243	276	235	316	222	413	311	226	298	383	362	61	102	80	73	20	18	277	256	278	338	376	48	97	131	197	85	237	261	79	10	100	289	323	14	35	136	304	267	94	34	75	65	47	491	74	292	70	401	128	344	436	471	59	135	346	436	248	490	171	78	151	458	400
404	110	443	423	250	178	185	386	48	91	140	177	241	425	432	33	257	213	307	151	229	136	129	234	475	52	49	314	211	34	179	153	456	444	110	282	301	446	390	55	0	339	101	444	338	462	138	118	293	199	123	324	116	8	362	225	183	414	122	23	45	459	117	319	398	344	57	389	77	125	457	346	17	126	341	85	260	336	281	288
1	442	56	456	104	439	413	210	342	397	81	100	384	408	490	40	256	236	267	494	475	235	217	135	354	122	381	348	256	81	275	358	196	334	188	350	183	478	435	179	432	422	432	368	423	421	307	481	76	463	368	248	405	274	124	318	384	428	72	116	470	458	150	333	98	43	496	421	66	261	31	286	378	381	292	209	225	461	443	161
153	299	205	425	337	121	370	124	24	33	66	286	193	389	148	154	23	153	481	466	366	480	215	130	372	85	474	173	10	414	227	390	104	130	88	470	23	13	200	80	163	310	189	197	37	56	361	491	234	320	100	354	8	380	427	54	6	15	201	277	56	384	99	279	311	51	231	91	116	448	20	168	75	255	122	272	27	126	65	62
143	325	270	369	124	247	373	165	363	424	392	229	265	369	179	32	231	227	50	415	340	321	144	372	182	247	1	362	101	19	405	376	350	73	460	107	294	5	404	370	497	1	310	301	193	294	139	93	283	370	376	262	54	52	235	433	300	194	16	343	348	362	420	343	109	474	467	17	66	326	494	438	359	263	166	163	339	124	254	260
285	480	115	208	235	108	440	441	472	30	132	300	20	340	473	392	377	291	51	367	141	218	460	191	36	46	261	423	274	454	384	161	389	178	426	499	203	460	390	282	435	2	480	480	250	418	74	260	305	18	51	115	25	305	69	228	451	228	401	360	349	301	40	425	280	406	178	181	339	488	122	206	88	172	258	39	285	388	148	362
343	346	281	16	473	3	350	487	196	165	332	227	180	29	349	68	399	353	487	365	95	408	202	483	268	21	315	219	280	58	81	374	65	295	62	50	312	96	7	413	476	365	119	151	177	17	306	4	134	140	196	334	498	112	263	486	221	188	149	241	79	21	305	242	141	93	448	330	272	65	184	363	0	468	438	400	47	368	313	94
17	32	68	142	250	198	211	342	286	57	487	475	241	218	386	38	424	161	377	429	67	0	462	361	173	107	383	66	14	54	24	427	141	50	431	183	381	471	48	487	272	333	338	282	135	34	75	291	435	199	463	101	255	484	417	188	91	72	464	482	105	13	391	52	320	135	318	468	403	379	271	101	61	181	76	19	47	112	387	220
77	61	198	306	40	407	389	45	440	19	24	104	157	388	114	499	499	346	135	453	249	289	64	400	208	463	269	73	310	196	388	47	438	187	312	408	85	171	436	456	59	427	298	158	255	482	391	35	70	101	170	47	4	61	31	243	433	68	336	364	371	36	104	489	465	308	476	317	494	430	498	477	360	386	59	182	358	214	474	334
54	454	4	332	76	155	291	286	208	291	415	150	343	367	167	45	15	156	372	418	84	132	149	377	159	17	457	497	213	116	145	108	371	499	230	344	122	287	172	213	163	315	391	306	168	234	335	409	32	260	468	278	481	77	415	366	145	290	248	160	163	282	83	265	156	85	17	312	419	392	217	220	96	186	453	358	320	14	55	43
129	328	152	182	258	384	297	54	88	317	477	190	253	403	244	358	455	277	308	453	184	370	275	355	80	500	57	450	98	126	418	176	230	377	169	148	282	221	48	236	391	389	237	143	80	265	402	380	322	75	358	112	118	393	397	139	183	208	174	328	475	449	351	484	269	446	390	262	11	238	429	457	480	322	494	7	390	82	232	349
454	250	30	401	437	82	335	482	289	352	178	287	370	344	350	239	85	226	6	217	490	81	265	319	345	410	336	118	437	446	0	307	385	199	13	391	59	214	448	282	86	462	461	55	313	418	373	26	90	96	319	153	455	289	277	99	129	341	181	360	32	460	406	449	216	138	400	258	314	168	367	422	81	427	398	192	102	166	12	444
442	484	254	452	49	290	176	292	489	181	413	209	54	232	102	120	419	139	187	25	83	138	362	423	151	51	71	445	293	2	231	114	423	81	68	71	397	69	324	73	41	125	95	94	239	64	415	357	470	335	0	67	118	296	375	210	101	143	407	120	303	116	491	147	164	11	97	80	7	185	203	147	168	208	495	102	53	95	152	53
315	118	484	193	397	452	326	148	269	487	292	5	32	128	1	271	352	9	131	293	292	453	434	14	84	290	405	127	482	26	100	79	490	487	140	458	70	361	389	237	173	347	192	199	158	379	91	402	193	266	71	20	290	134	106	397	435	307	19	256	4	476	476	236	315	33	163	442	236	300	285	134	238	381	453	155	315	31	395	451
166	24	475	268	38	248	98	405	265	447	178	219	423	372	65	99	48	457	145	338	362	29	399	484	335	423	288	181	375	88	145	271	72	436	192	265	200	435	496	301	449	174	117	447	334	298	11	203	262	308	480	273	325	103	335	484	0	278	185	176	8	369	209	41	205	167	417	19	36	47	332	225	35	326	305	317	389	17	494	213
483	57	216	18	168	126	214	403	3	362	433	116	485	259	124	188	220	77	34	269	456	22	351	159	489	437	82	32	13	148	82	101	334	207	66	428	182	168	448	289	306	418	10	417	56	216	279	156	32	314	310	5	384	282	374	160	103	187	386	171	101	140	355	198	63	424	455	270	75	281	50	403	341	9	185	323	186	248	433	200
458	136	415	419	253	17	235	422	129	64	377	301	428	374	440	81	104	494	78	302	422	468	112	133	120	67	389	229	318	453	263	308	64	30	418	69	98	392	252	221	29	140	110	224	407	61	51	387	307	161	333	113	241	401	227	143	321	454	439	155	88	39	340	268	185	33	177	414	108	453	36	278	292	221	134	334	434	437	373	360
19	36	401	134	422	351	109	209	47	400	73	373	354	478	467	349	454	347	17	254	241	88	447	62	221	482	225	155	205	442	498	33	391	237	96	470	67	326	416	0	168	49	467	369	49	400	254	358	98	7	127	434	75	124	458	281	294	389	468	287	32	254	132	119	225	416	192	92	341	427	149	77	315	81	406	240	72	329	341	208
135	426	334	169	72	131	384	217	38	354	450	96	358	102	417	241	355	481	3	145	91	353	128	42	106	210	348	249	311	54	337	493	254	190	150	430	498	417	314	254	37	16	150	447	387	415	353	421	167	160	403	147	421	188	60	78	343	454	454	376	487	15	302	311	174	300	35	21	90	155	256	142	153	74	327	99	425	125	147	3
167	129	476	440	101	97	376	205	197	414	318	365	194	259	241	110	292	372	79	235	82	120	251	377	397	47	213	420	343	451	87	420	411	437	253	74	13	349	109	282	321	156	464	333	384	113	22	254	240	182	327	451	421	210	279	436	333	406	180	135	179	44	306	444	129	463	42	369	24	414	457	18	202	246	324	347	247	58	214	193
457	422	500	9	383	387	48	116	184	325	82	322	134	445	498	475	258	250	70	117	174	467	499	164	181	14	265	484	458	208	486	82	260	34	251	51	408	481	400	100	158	383	47	326	457	186	74	381	1	136	5	372	109	310	156	212	262	238	478	289	351	216	332	105	131	458	422	54	154	239	77	155	5	334	437	106	471	206	165	33
106	361	25	231	304	294	2	33	368	291	185	305	151	320	456	23	382	63	132	89	202	439	192	235	176	320	307	114	109	293	124	163	283	313	254	365	43	327	136	97	219	201	1	88	292	176	165	290	175	269	16	217	402	480	205	117	153	88	248	0	141	426	342	215	339	276	206	193	140	388	150	428	494	365	75	185	123	157	158	381
471	294	404	6	224	112	30	110	97	458	150	190	49	438	191	443	301	173	134	468	492	222	212	122	218	377	488	365	384	249	13	293	337	21	327	348	430	236	91	310	474	394	151	224	475	140	217	2	209	130	106	322	220	252	58	60	61	206	6	262	215	216	262	429	166	413	470	112	79	275	459	133	397	185	370	68	446	275	338	447
486	86	150	199	453	355	99	493	495	40	269	265	485	441	291	341	318	97	331	35	117	393	219	490	157	219	482	73	449	105	364	210	42	103	184	122	500	424	57	68	159	483	290	174	140	144	305	136	429	432	151	74	237	245	449	180	209	317	265	212	440	301	282	319	265	297	133	305	44	60	21	430	462	157	417	323	6	268	482	373
207	201	261	25	455	201	292	18	235	367	465	9	145	348	343	398	169	14	426	23	314	111	262	69	303	174	173	483	496	420	49	276	198	67	453	9	91	466	391	14	160	343	484	382	438	158	466	304	470	219	379	451	106	76	1	169	427	2	450	417	194	492	220	390	327	152	450	127	334	44	76	228	60	374	85	481	91	46	214	7
43	466	322	97	371	331	29	404	343	494	176	225	147	484	91	390	80	287	296	364	316	384	92	336	59	211	44	266	394	272	361	333	138	66	345	497	148	181	65	424	456	12	165	247	474	458	151	439	108	176	408	385	297	344	355	255	382	390	104	65	79	356	356	78	115	392	132	69	149	439	366	279	489	343	378	3	50	80	128	347
152	439	156	162	30	12	114	275	153	238	248	334	9	332	317	382	18	384	353	71	333	44	69	475	300	246	319	202	264	377	368	58	111	355	403	420	272	472	339	283	174	360	142	309	214	136	394	309	63	210	244	487	371	338	292	116	152	133	422	76	350	25	239	191	78	328	334	152	137	101	394	410	16	357	258	422	481	70	75	369
283	200	482	268	135	308	5	201	217	352	204	238	195	101	176	170	292	494	195	98	133	56	33	182	155	103	382	401	155	288	451	306	354	110	244	205	182	309	459	393	109	15	337	344	0	396	31	499	86	13	111	149	97	428	289	51	0	450	14	309	253	397	188	353	395	131	485	224	149	389	351	49	69	431	208	0	52	30	460	121
385	356	47	198	319	387	492	210	291	336	61	238	428	175	475	63	456	274	421	28	119	265	134	194	24	195	309	241	20	138	12	367	266	292	426	266	43	394	441	448	254	362	276	38	210	245	121	24	433	83	153	33	49	295	333	20	415	236	55	49	259	171	218	126	112	460	286	412	147	240	153	42	439	463	89	323	111	388	161	297
438	329	446	493	129	61	25	382	299	181	410	0	301	325	468	297	393	71	200	306	217	319	494	8	304	106	471	369	142	228	183	270	382	102	105	108	404	440	325	231	183	171	378	212	371	152	20	46	30	219	363	221	429	193	395	226	129	84	53	279	204	209	66	232	332	356	493	250	316	15	376	485	457	87	196	462	31	191	105	291
424	455	192	232	85	48	226	492	246	414	264	263	206	148	36	106	211	267	63	391	86	36	265	295	329	118	146	202	240	491	267	282	313	30	69	346	280	349	448	326	496	158	156	273	196	332	470	33	394	313	11	472	419	455	32	312	249	466	235	96	110	19	129	362	97	177	173	164	296	336	27	452	269	443	166	186	437	302	48	211
11	331	341	390	385	306	11	177	375	480	277	0	360	122	464	10	122	277	326	293	148	388	48	171	112	279	116	32	434	346	404	372	240	155	173	208	170	456	328	216	248	258	182	295	222	388	257	4	457	426	199	359	171	199	268	137	30	52	191	487	169	106	387	97	424	439	494	363	26	364	486	365	147	93	364	403	18	157	376	368
455	173	142	450	148	24	57	387	136	397	348	99	22	488	225	14	392	103	474	235	202	328	66	450	445	40	128	245	195	45	270	187	146	125	165	412	308	430	186	226	188	70	319	253	267	41	394	127	441	303	231	492	154	440	254	301	474	113	45	18	155	491	63	445	72	6	282	305	440	82	124	62	399	115	144	427	10	223	437	111
85	442	395	482	326	236	297	454	6	25	163	379	58	342	233	289	406	73	344	236	334	300	460	47	473	417	151	158	48	149	255	120	308	288	183	500	31	166	93	468	234	420	496	365	361	102	307	145	30	164	191	484	358	411	150	145	344	293	172	411	408	421	321	317	163	1	66	27	117	281	91	101	477	118	463	94	133	136	28	228
397	374	212	324	369	82	362	259	490	84	485	47	324	334	489	364	325	305	84	95	433	15	190	108	106	29	200	165	15	404	84	11	234	437	477	497	351	340	452	122	264	317	442	37	22	88	487	461	67	324	162	154	414	133	364	29	469	35	253	318	86	79	261	391	32	75	328	388	58	346	23	63	479	490	274	151	146	449	250	251
190	134	302	300	191	347	278	136	237	358	433	417	478	153	239	427	25	243	375	113	74	135	279	189	454	380	37	1	131	204	372	378	339	497	231	263	268	275	413	69	409	426	417	289	41	444	435	149	87	379	422	319	393	492	253	337	316	172	77	477	268	238	265	16	167	7	280	210	38	456	5	169	297	308	55	117	194	7	162	320
32	361	119	207	219	115	391	183	428	316	118	494	311	150	304	322	367	133	181	113	108	224	406	404	103	170	176	31	160	457	168	40	150	416	334	382	212	123	323	384	19	359	349	240	456	338	111	227	129	146	352	386	263	122	279	90	360	246	329	36	65	356	47	441	148	366	228	115	37	363	294	360	407	37	499	466	449	180	390	428
437	481	178	383	273	410	476	350	57	133	262	438	217	273	288	265	392	298	289	463	423	224	377	117	493	500	491	45	235	358	175	59	369	345	219	365	112	386	45	114	297	314	121	91	89	483	350	46	123	400	484	51	6	26	162	3	34	386	165	266	83	343	26	52	24	220	228	116	116	383	258	78	96	16	112	387	228	235	38	42
435	134	268	128	243	408	36	143	319	188	64	439	315	146	99	75	199	273	326	120	464	440	136	108	169	363	13	489	293	106	500	439	450	30	99	420	309	111	269	403	444	288	51	44	359	15	417	175	223	249	297	460	287	427	432	260	387	98	43	442	384	321	391	396	94	217	321	389	152	38	51	8	84	487	325	120	423	299	196	474
420	465	214	446	72	169	445	328	382	364	49	488	439	0	426	61	71	292	137	255	156	155	500	188	146	285	165	368	20	16	174	25	473	13	393	355	295	291	268	151	378	12	131	93	207	71	112	1	233	450	235	480	395	441	333	443	41	377	90	265	453	245	42	395	75	128	424	335	446	248	409	460	67	159	90	196	29	56	148	10
171	228	388	178	351	282	345	398	111	354	17	343	351	58	416	158	253	321	345	83	191	202	30	64	395	172	177	19	33	74	229	478	31	17	408	148	425	12	157	281	298	16	408	219	374	221	217	440	454	244	400	3	240	320	241	494	241	389	417	280	370	359	215	287	496	86	444	497	461	375	28	28	25	384	487	64	52	365	260	335
108	46	337	346	128	323	170	22	388	192	157	16	456	186	418	95	462	90	33	147	439	312	64	439	269	197	445	168	291	268	169	369	148	366	256	87	448	445	318	199	29	213	358	180	330	383	412	51	351	425	492	104	125	297	63	162	63	480	356	141	301	81	174	474	184	157	116	120	272	330	284	258	9	358	353	355	497	76	234	481
476	16	477	378	417	6	430	277	278	278	197	111	22	162	191	5	401	475	42	235	362	69	488	375	249	193	492	441	152	103	3	343	2	377	464	16	72	224	488	122	84	241	270	488	245	448	277	292	193	112	33	317	345	3	20	167	321	476	81	215	53	404	275	31	444	249	26	120	400	172	423	211	254	168	429	411	14	19	309	39
356	312	35	464	401	403	34	488	122	473	208	432	173	254	325	201	427	449	495	392	218	270	365	192	373	211	17	216	283	404	7	17	264	228	410	467	331	130	455	478	22	336	369	113	377	142	14	161	450	383	111	366	411	167	108	19	164	33	413	304	328	413	297	318	2	361	247	459	473	269	375	284	12	477	58	355	69	261	434	411
89	0	439	89	481	340	486	30	201	144	146	401	241	32	254	86	147	351	458	215	182	236	107	245	462	454	438	160	108	421	489	134	17	255	92	439	352	30	427	445	54	253	95	47	401	91	426	312	187	72	328	39	445	98	499	164	184	40	300	129	305	322	258	408	125	269	426	59	481	483	251	325	267	314	397	310	434	50	224	40
307	44	389	395	100	463	434	227	443	328	322	154	272	486	304	250	223	477	373	484	434	235	428	326	130	151	293	477	130	410	160	340	435	127	150	100	11	44	435	235	485	63	436	377	409	270	81	497	17	290	27	263	215	236	491	412	287	363	485	66	10	91	210	106	122	368	455	344	264	76	183	142	275	98	275	16	458	332	193	164
227	142	254	295	207	196	458	76	27	358	355	267	276	110	159	416	144	396	453	232	448	214	147	164	470	162	126	34	106	182	172	164	121	320	222	252	271	413	291	269	152	129	32	132	284	179	392	43	19	447	75	283	482	410	386	63	61	265	273	56	173	149	161	357	153	207	158	416	6	473	412	108	371	432	302	240	373	342	348	443
395	258	445	397	151	228	284	259	197	160	334	458	8	484	217	449	424	481	422	302	321	162	68	172	405	136	22	260	6	269	482	59	451	498	303	259	335	264	428	210	372	412	467	323	351	223	1	3	13	157	315	477	378	469	500	96	427	312	59	459	471	124	211	483	4	93	265	255	451	35	215	309	106	212	396	414	269	382	444	128
381	253	141	281	436	402	381	0	192	92	439	386	336	8	481	337	454	148	80	137	120	457	45	345	8	95	256	471	331	483	413	180	303	205	184	282	290	112	85	315	316	99	126	302	126	437	89	310	25	264	116	475	189	130	460	474	259	155	185	227	6	179	195	37	142	165	333	498	47	368	295	178	426	14	462	171	449	446	16	462
233	342	498	43	463	81	443	363	446	389	369	122	29	14	372	110	23	171	43	489	109	387	106	411	32	198	103	166	378	152	472	480	28	303	160	355	79	411	380	311	147	344	240	98	361	273	202	121	267	212	488	73	252	125	21	203	308	274	460	480	357	101	463	469	380	65	5	247	269	137	102	182	189	241	270	261	124	499	228	100
271	115	324	205	444	324	118	67	72	317	253	289	102	301	275	261	193	83	168	376	445	187	2	252	378	393	148	131	240	217	133	157	154	223	222	398	71	75	150	293	411	134	266	411	277	245	163	412	453	67	22	24	377	213	148	300	296	303	91	8	181	271	350	376	151	135	251	78	8	329	284	11	408	456	159	492	357	392	2	397
401	460	486	332	298	150	14	284	134	443	53	265	493	123	37	218	445	461	19	376	330	238	387	193	498	286	407	142	118	37	481	220	162	488	419	289	23	66	328	59	435	209	73	258	235	401	399	242	299	6	152	115	235	180	466	436	67	496	344	97	468	202	213	393	249	436	308	401	211	175	473	97	436	141	139	59	370	489	392	466
90	173	71	140	20	106	200	68	153	33	116	48	307	253	426	68	469	282	10	53	367	315	435	375	284	452	253	150	481	362	210	0	436	23	271	201	265	368	170	458	443	238	186	39	113	202	99	85	11	238	299	424	0	69	289	184	347	239	466	458	372	187	402	215	236	153	89	212	385	131	209	291	212	151	387	457	24	259	310	130
123	367	443	316	221	369	177	86	111	450	476	78	233	336	33	1	486	81	164	13	160	3	206	177	37	219	202	446	469	177	324	466	85	424	232	43	283	26	313	376	67	40	214	240	124	371	98	423	188	374	469	285	475	352	255	159	101	385	119	207	282	451	328	268	284	444	492	160	406	293	304	442	166	213	428	176	185	260	349	3
248	471	212	131	181	162	90	323	1	9	91	317	224	203	311	88	213	157	121	429	313	364	2	48	461	500	356	442	10	467	210	116	473	21	184	418	283	389	121	250	214	429	398	452	333	136	164	223	427	226	497	258	439	353	100	475	350	396	10	277	17	485	137	171	399	473	409	60	316	90	96	471	282	345	343	12	495	308	429	438
305	398	78	497	444	207	426	57	95	365	102	50	245	347	29	462	362	197	136	416	371	202	453	305	372	344	268	68	375	64	217	332	213	129	2	490	325	324	295	235	322	133	21	335	346	240	460	15	81	66	194	82	88	326	165	70	104	307	389	184	238	277	293	215	99	92	354	449	313	296	123	219	133	340	32	486	273	404	301	46
467	180	68	101	179	182	147	268	47	368	448	414	241	8	225	296	316	194	489	397	17	311	94	26	213	275	487	86	419	254	175	161	16	203	199	432	337	122	107	286	272	179	355	358	34	390	77	423	184	278	272	56	358	138	78	119	263	122	285	357	227	139	308	64	65	386	409	259	186	71	95	1	214	272	256	312	121	89	157	436
459	317	403	384	346	54	171	207	0	245	453	259	364	102	114	265	173	83	315	425	395	426	233	254	262	425	141	47	456	149	167	21	385	323	465	197	144	36	10	366	364	263	360	79	359	86	199	46	284	141	199	65	181	161	317	436	169	327	354	23	246	400	194	444	132	186	235	251	491	364	155	230	94	1	299	86	285	194	370	232
205	333	413	295	6	227	219	447	278	365	207	101	349	226	13	40	374	428	239	341	155	87	191	418	209	448	190	143	267	9	99	325	365	90	372	223	126	422	476	331	221	467	184	11	360	453	435	490	256	472	500	138	135	259	30	359	102	407	48	14	1	440	186	240	31	112	411	69	206	313	379	464	214	304	122	361	144	19	384	446
126	458	474	157	422	368	115	65	322	396	339	318	343	153	224	310	436	275	221	7	157	446	329	9	97	486	315	124	254	68	358	38	352	90	113	316	431	448	452	171	421	366	483	421	62	490	320	442	76	452	326	212	252	254	498	256	205	158	462	227	399	484	39	379	111	109	24	495	297	347	451	58	386	1	483	275	406	325	71	2
116	493	167	44	327	228	278	201	5	128	292	298	439	266	152	171	50	350	498	452	306	247	116	38	116	139	445	183	202	35	346	330	277	41	281	273	172	483	322	441	169	327	71	24	241	484	449	397	406	341	211	157	386	244	247	185	395	403	383	326	153	460	148	135	32	196	123	462	3	478	191	269	370	129	321	370	55	269	40	169
9	282	434	385	107	179	99	50	459	384	439	384	441	482	180	485	41	380	167	418	333	491	405	236	181	172	94	15	211	208	353	179	239	219	411	398	119	72	175	426	374	301	261	61	152	452	320	173	38	25	35	380	308	297	415	468	6	304	473	201	124	291	123	281	265	211	413	163	256	32	28	68	54	381	336	33	8	25	462	166
121	435	225	27	136	254	12	406	406	201	498	462	93	132	225	253	135	317	9	419	9	44	219	483	479	256	62	400	485	307	43	299	49	120	369	359	347	153	10	75	410	249	155	173	394	25	9	250	1	253	482	370	57	173	223	341	289	176	101	417	312	445	92	148	21	391	436	174	192	297	455	43	480	212	138	375	383	192	472	64
48	78	152	81	286	445	426	483	264	441	62	418	342	380	299	249	446	163	194	223	95	382	404	333	468	443	213	28	215	357	360	120	400	383	270	302	325	304	115	415	64	86	433	281	81	304	87	117	382	282	123	471	163	480	213	81	497	128	104	163	42	470	121	379	458	432	392	172	217	137	466	68	360	157	477	219	360	360	130	265
252	36	138	300	116	241	239	310	485	347	82	137	204	141	487	74	383	470	26	450	482	374	483	339	102	384	146	218	411	294	401	148	256	493	364	362	200	159	82	317	275	26	191	466	340	292	2	32	486	444	334	114	472	282	171	341	485	265	363	292	266	178	407	13	223	318	218	398	436	78	409	168	154	192	64	405	451	489	62	386
30	435	301	365	397	446	83	472	468	384	170	87	152	54	413	440	232	104	447	80	467	85	423	111	356	59	126	258	220	278	35	321	463	274	263	77	175	174	316	22	416	376	484	149	459	297	312	374	448	71	20	389	147	239	403	281	472	496	316	205	38	163	25	46	78	41	312	356	324	213	219	24	258	176	132	303	346	177	251	0
411	471	85	315	262	130	246	277	454	94	491	405	21	384	19	95	13	496	68	412	63	17	349	150	445	50	293	47	345	489	340	457	43	429	127	368	436	77	286	177	244	411	424	280	57	138	64	153	60	482	374	313	392	307	256	348	33	98	217	120	274	478	418	72	277	262	83	123	456	104	220	99	402	400	324	265	47	395	348	244
308	410	471	163	300	197	474	323	322	497	46	475	191	90	191	143	470	243	338	76	256	36	389	72	442	211	334	35	226	462	286	450	170	192	292	318	297	24	274	225	143	368	198	42	1	443	205	98	481	183	135	222	12	445	455	349	112	410	267	181	95	360	482	468	87	426	409	189	383	106	439	173	358	158	193	371	412	394	238	426
21	288	335	157	76	450	350	228	444	59	276	357	145	267	139	98	200	452	159	133	46	3	426	72	142	398	157	173	170	449	148	254	220	354	70	331	285	327	211	11	359	408	485	173	168	141	152	349	18	192	296	217	323	436	459	79	288	41	443	229	141	304	362	9	93	260	94	104	403	290	143	121	465	320	113	356	3	419	311	11
123	154	126	227	100	184	202	139	299	223	279	278	492	315	120	19	321	473	222	264	386	231	398	287	275	298	343	441	225	439	239	44	152	81	1	227	342	342	93	470	354	285	86	8	358	59	24	4	60	242	228	482	389	173	224	342	143	293	159	28	76	169	449	487	147	17	94	456	323	320	402	216	25	43	436	6	365	472	405	139
205	427	155	474	12	394	190	326	336	234	384	128	345	498	207	260	367	376	25	159	323	119	142	213	264	33	387	118	339	307	421	486	271	388	336	108	51	213	311	287	257	256	234	253	342	122	252	475	253	436	136	422	92	428	71	212	65	380	94	107	23	114	239	151	268	128	34	101	5	272	158	498	402	13	445	293	486	270	298	378
177	27	297	336	42	54	94	358	258	465	83	440	156	57	249	494	235	272	201	60	29	254	341	333	459	0	250	174	317	439	240	156	47	180	333	499	64	21	115	272	269	175	192	484	461	486	323	220	458	241	46	397	57	40	368	366	30	194	281	470	76	285	309	16	222	138	493	11	24	212	63	347	29	144	203	479	359	176	192	303
301	212	148	133	415	343	99	406	335	84	276	374	416	467	54	279	289	449	419	253	336	304	139	34	423	47	55	414	97	256	437	51	182	252	206	69	373	6	132	391	309	165	164	68	486	427	123	331	80	417	315	373	92	186	173	494	358	213	366	490	326	71	463	58	124	207	116	140	113	396	471	308	359	124	153	320	211	92	346	89
210	444	320	53	455	30	465	177	123	260	267	21	416	420	269	146	183	93	223	311	10	270	410	408	394	218	303	212	454	205	175	354	330	463	81	268	347	150	283	142	486	316	354	241	374	161	178	445	274	79	178	134	230	240	464	106	107	474	0	308	36	418	327	490	445	433	434	91	217	120	275	447	486	197	345	228	291	267	181	494

158	87	271	2	374	183	404	212	201	218	117	105	179	450	356	149	463	57	355	36	24	382	460	3	396	158	5	490	294	20	275	303	408	166	351	82	391	70	437	371	144	89	329	336	418	401	16	497	352	458	444	189	146	268	40	239	312	201	422	174	228	422	442	74	96	111	167	12	500	132	166	347	219	392	368	297	109	299	213	253
132	254	204	219	41	215	454	212	429	13	186	430	424	389	389	199	367	105	4	222	181	124	418	295	144	305	306	333	263	401	416	180	294	118	393	204	25	96	290	362	357	415	113	349	175	307	232	61	120	314	243	109	401	219	333	448	259	78	311	359	273	61	295	371	326	441	314	168	375	426	169	226	145	416	70	131	255	338	397	464
396	383	117	344	231	174	218	123	357	353	125	230	494	224	351	157	376	37	441	480	153	326	285	102	213	160	387	86	395	141	37	351	52	283	455	37	388	174	165	118	404	21	256	34	239	423	474	165	75	282	278	439	284	311	322	99	367	202	366	111	69	107	346	79	83	445	440	38	457	142	119	198	141	315	106	143	164	23	9	251
202	450	365	292	435	194	1	54	364	33	239	455	321	344	101	104	223	208	441	334	67	147	119	262	472	384	245	132	161	478	13	410	443	135	181	388	263	22	239	273	120	464	95	91	428	31	193	382	138	182	409	184	216	105	299	357	327	472	271	296	437	419	127	61	116	102	106	177	371	71	35	414	97	27	244	12	407	400	240	378
120	464	36	130	474	447	313	271	360	497	269	151	326	359	114	371	319	321	212	180	455	262	43	172	92	442	217	258	416	129	85	150	53	348	252	99	22	87	174	493	281	330	389	138	415	224	315	425	406	304	191	339	137	197	274	119	322	80	425	262	131	245	123	350	133	300	378	120	205	134	112	32	232	307	424	387	70	360	473	284
177	249	340	470	477	128	323	179	482	245	182	127	35	272	320	170	87	319	322	10	59	399	286	349	101	246	352	152	92	153	421	125	134	246	424	481	91	214	342	254	153	396	98	222	399	52	372	37	465	24	105	80	13	372	30	13	24	466	368	262	88	387	267	446	108	337	95	465	211	455	90	411	425	82	149	217	263	421	387	71
172	44	301	341	17	94	351	345	278	302	62	402	415	56	452	478	205	44	102	81	446	161	62	121	271	233	188	437	274	29	269	100	7	177	408	401	130	320	101	376	477	316	303	47	378	221	266	400	131	281	295	259	181	433	373	317	12	55	319	498	394	165	194	242	142	372	214	293	205	451	60	205	250	205	429	326	197	315	39	201
130	259	496	377	278	76	40	1	44	360	430	270	26	310	124	481	5	214	173	268	69	465	103	48	108	125	8	46	176	84	471	165	325	56	25	12	146	18	410	494	352	97	116	369	140	304	263	158	302	219	463	217	117	261	420	442	352	128	95	315	327	186	333	332	359	174	282	439	40	108	443	353	94	348	341	365	311	57	464	152
388	270	213	77	435	213	173	359	94	47	66	82	492	451	357	458	371	304	392	328	137	348	36	3	421	361	410	240	69	66	442	253	437	294	496	323	120	470	104	461	3	71	274	68	450	452	423	451	332	126	124	143	310	449	86	249	248	454	343	131	170	231	432	161	271	439	415	413	276	336	482	157	428	5	239	288	172	466	52	495
291	164	393	311	212	169	447	121	58	49	141	104	137	192	173	352	263	393	75	197	390	247	300	353	358	210	461	74	280	351	294	396	171	141	368	27	317	48	449	375	281	239	470	202	129	492	423	141	344	401	194	256	287	18	171	458	213	322	323	465	201	426	147	211	470	249	257	423	295	166	193	85	77	318	417	408	184	179	259	126
289	334	221	413	450	423	106	342	345	106	321	21	113	273	471	142	369	420	150	343	468	409	274	399	246	171	470	276	442	383	495	286	106	463	480	321	68	489	470	243	275	255	337	154	108	332	93	206	266	215	173	479	74	334	138	459	78	112	207	371	240	162	136	188	15	190	471	392	448	280	370	186	159	46	33	441	182	360	421	219
180	467	210	89	345	173	465	245	478	190	144	254	292	191	206	338	482	378	413	109	195	302	1	291	131	24	293	24	102	52	224	387	277	153	24	101	27	469	273	179	19	181	417	118	154	323	242	4	119	424	411	403	394	145	243	322	441	263	165	406	164	389	74	128	427	426	261	392	451	45	365	58	234	177	227	196	289	114	67	52
255	421	133	280	43	141	268	226	433	398	91	185	147	146	170	463	145	10	249	177	138	500	32	497	440	328	383	272	307	473	485	328	355	271	210	376	409	209	254	337	406	122	432	85	119	49	26	472	156	58	178	492	45	271	284	16	214	354	262	284	6	399	107	120	18	65	221	126	420	172	290	60	433	230	30	230	476	370	59	130
162	484	51	180	372	132	38	290	129	290	354	239	129	239	296	390	221	297	214	32	424	239	446	354	356	378	139	124	34	428	210	309	5	105	437	47	169	109	81	267	473	233	7	253	339	33	311	420	185	283	114	496	419	298	141	302	244	356	338	321	324	268	358	488	333	299	389	96	330	18	442	348	103	116	262	100	472	317	392	316
441	345	278	407	283	101	361	42	322	34	318	492	427	77	59	391	314	416	17	491	485	74	359	389	196	69	28	104	147	235	27	243	74	201	346	432	361	288	495	352	446	239	376	146	80	232	391	34	196	283	40	301	381	76	382	286	425	158	217	130	39	138	97	259	68	320	334	293	469	78	266	192	160	483	30	323	4	109	32	287
229	18	362	345	80	321	101	396	266	231	9	229	66	278	451	482	127	258	266	414	468	84	116	485	78	87	483	46	267	84	20	45	35	94	294	371	324	81	325	305	200	283	2	431	439	14	492	298	488	291	445	183	46	424	394	148	156	454	306	65	353	390	463	412	58	314	42	199	336	300	499	427	3	266	314	410	456	165	434	456
291	306	402	326	242	456	36	496	149	31	368	303	251	36	131	172	118	451	332	295	22	358	398	248	74	23	192	368	314	266	254	475	417	216	76	202	3	133	224	438	113	267	219	383	153	211	251	218	111	474	410	182	111	295	493	461	223	215	258	328	53	295	380	450	250	89	190	473	358	289	342	331	330	307	353	420	240	349	420	447
335	462	139	48	104	51	383	268	372	204	24	452	490	105	157	499	471	399	262	158	290	368	70	379	39	499	398	148	68	406	494	475	340	282	379	306	36	466	289	35	368	300	421	48	120	328	60	491	4	8	272	71	270	51	388	324	377	233	390	338	209	323	279	326	306	469	344	32	4	193	471	317	398	175	125	170	345	216	102	158
4	118	406	28	314	384	307	125	156	30	206	337	121	490	299	158	473	7	473	188	54	264	70	130	3	455	430	136	24	410	350	351	262	131	394	182	429	312	93	333	90	202	391	340	227	45	51	99	478	57	291	362	483	445	102	248	249	457	471	274	177	167	203	98	249	114	484	279	7	30	465	76	336	300	1	268	383	173	87	235
464	289	92	251	233	309	211	24	79	103	48	369	368	153	2	480	41	142	86	384	472	167	63	378	329	89	386	351	21	102	479	105	51	445	73	13	151	44	212	194	3	180	10	486	276	459	218	132	498	38	235	121	274	10	426	252	48	108	423	108	198	279	81	401	459	482	269	465	247	303	321	482	345	26	40	145	148	176	398	476
210	340	121	14	351	88	342	87	188	347	497	445	23	61	101	77	477	221	45	40	456	29	64	252	64	292	196	435	319	364	416	458	32	471	371	354	476	272	337	161	353	407	293	42	495	57	471	478	311	165	346	439	95	159	215	199	497	489	51	61	183	39	245	348	117	462	34	319	92	326	474	47	350	221	475	69	110	437	446	215
463	115	417	402	448	288	283	273	273	287	289	81	309	1	461	279	125	22	161	389	246	210	102	335	57	321	228	362	294	249	348	2	287	216	433	203	149	428	287	328	35	84	97	477	477	493	263	36	320	201	413	175	88	356	476	437	60	344	478	343	62	360	341	92	471	44	356	376	172	65	245	196	188	474	437	33	94	152	175	320
190	226	60	292	430	104	119	303	439	198	63	444	27	122	491	398	317	146	222	2	485	493	465	164	205	425	214	230	157	431	477	454	354	258	397	7	19	79	427	153	453	132	348	434	346	121	225	156	149	304	409	435	417	78	301	342	372	415	253	116	99	110	444	421	9	67	326	170	45	392	188	319	379	405	398	441	266	310	262	424
5	149	201	85	458	234	466	163	153	160	42	335	152	165	281	421	384	256	397	300	74	282	406	159	17	247	344	35	226	189	184	327	8	463	367	36	249	94	127	176	264	49	174	375	494	260	189	398	427	448	276	56	366	263	334	4	249	498	497	251	213	440	2	424	91	159	429	258	9	50	165	154	380	63	376	179	376	475	315	10
2	384	46	324	136	500	285	467	428	35	27	7	402	399	413	2	66	112	34	429	282	257	325	419	451	140	432	285	481	481	7	285	243	171	107	364	201	406	3	441	481	105	111	230	87	217	82	150	353	179	417	123	261	243	215	178	404	492	343	42	392	275	222	2	481	480	309	392	493	405	308	159	326	336	25	424	446	481	248	382
349	383	101	169	33	49	277	131	456	208	91	306	156	182	398	445	461	394	220	500	183	314	421	476	416	411	84	468	250	484	458	274	355	496	113	109	343	321	4	165	129	152	13	196	178	113	255	385	316	231	226	301	272	125	293	265	228	266	307	302	485	311	422	117	434	375	288	223	74	357	210	381	480	356	226	128	290	205	16	346
4	198	340	412	347	287	97	454	369	438	245	138	9	70	208	256	381	28	145	256	288	86	170	110	119	9	155	439	350	55	372	135	214	47	191	54	451	312	184	263	410	260	386	321	181	290	57	328	355	7	291	278	426	215	68	26	363	338	431	323	493	381	283	378	34	498	272	400	474	321	104	138	58	57	119	306	334	153	292	228
331	317	222	475	138	414	299	392	439	324	315	38	3	113	46	95	121	32	353	456	214	357	12	443	441	265	192	171	150	450	308	370	105	233	90	226	211	364	51	180	438	295	375	334	428	288	379	300	118	71	354	83	367	12	486	380	232	213	17	42	481	38	300	358	22	134	298	376	120	161	203	436	289	234	178	335	25	50	224	96
214	365	437	478	52	206	212	312	77	13	342	362	67	173	295	321	210	352	409	484	212	377	15	479	236	173	147	235	253	372	29	37	423	443	292	373	85	6	432	224	24	152	229	123	3	259	440	388	252	352	158	8	95	406	0	296	211	362	162	223	362	366	75	277	436	141	103	359	214	410	168	160	191	178	75	472	15	157	422	173
385	148	150	484	217	94	413	253	9	235	72	81	467	349	88	232	104	347	368	278	329	129	409	296	299	88	192	294	274	243	60	183	371	355	278	249	137	277	111	90	294	119	260	207	454	288	46	67	446	240	8	233	63	119	268	168	302	443	344	350	28	478	72	0	494	332	378	63	448	203	353	424	20	36	487	460	29	55	60	212
392	368	487	213	80	35	367	322	499	227	21	287	355	296	162	384	431	390	423	449	322	494	365	83	330	107	435	246	482	498	384	437	38	429	144	62	132	338	338	165	328	392	115	476	98	266	443	3	299	33	498	355	156	198	314	450	439	17	246	292	39	233	277	403	399	422	118	154	440	287	295	91	430	377	141	338	422	238	144	178
359	248	95	356	7	467	323	193	326	401	227	9	495	275	256	248	371	6	89	113	339	492	135	148	486	30	485	466	129	394	86	202	116	98	398	93	60	404	118	480	288	438	484	235	277	299	163	80	215	73	153	58	185	254	346	424	435	398	287	348	63	51	178	290	99	356	220	125	215	342	420	313	256	235	305	252	464	480	98	390
441	168	209	414	231	449	288	58	310	329	392	456	380	390	176	401	70	456	67	436	87	95	389	371	136	445	159	177	23	264	20	363	442	132	220	108	47	104	153	270	228	211	119	225	182	423	374	450	492	380	3	177	491	138	172	224	224	238	429	125	161	181	179	304	167	267	374	427	275	358	12	14	240	35	98	306	308	208	486	57
174	268	365	383	372	94	405	428	156	53	52	325	38	430	44	391	88	396	2	87	204	50	364	120	10	238	425	455	493	482	13	499	351	316	493	92	333	173	19	19	458	181	81	483	72	76	395	211	34	133	41	218	401	212	265	245	305	372	154	470	111	17	232	29	80	18	324	227	228	431	17	33	413	192	217	64	3	298	181	227
470	56	147	452	116	94	399	165	63	336	486	399	26	322	245	328	472	252	228	365	25	311	321	49	127	364	19	149	431	374	181	429	143	192	475	326	472	498	131	132	494	131	119	287	299	492	410	370	1	34	284	390	42	215	386	366	151	191	193	307	333	55	394	282	39	49	455	338	196	385	472	305	455	200	4	212	134	253	308	59
246	300	18	475	104	358	25	89	234	283	197	388	262	257	239	177	469	494	395	388	17	500	103	61	344	199	419	133	58	498	218	197	347	153	298	456	120	366	489	184	116	181	439	56	263	285	217	455	78	326	79	299	476	106	160	426	332	128	17	247	236	304	362	475	148	479	141	250	149	321	235	302	391	225	354	310	141	253	403	19
104	307	19	445	330	399	209	291	207	473	278	354	42	395	252	151	400	428	74	226	240	482	89	104	148	392	355	406	104	423	480	457	384	237	421	329	70	437	225	321	480	416	367	24	292	223	237	54	423	491	310	354	237	202	207	97	16	253	469	138	355	239	398	73	375	322	329	357	494	382	270	321	33	408	140	104	127	366	184	149
369	457	30	187	488	378	430	214	231	140	491	322	382	109	322	142	339	442	97	287	327	134	304	216	35	152	247	460	199	59	448	471	66	479	87	451	445	26	218	390	201	416	288	15	130	357	171	273	56	229	6	276	9	222	24	388	317	223	101	97	378	218	220	314	330	383	6	258	211	97	415	428	298	483	198	418	224	433	42	163
482	298	409	101	299	353	129	493	307	348	475	76	105	405	402	388	25	172	472	125	484	220	417	196	122	17	309	239	229	14	1	343	459	371	423	225	250	60	153	250	113	7	378	88	194	432	98	160	195	144	5	440	446	353	220	141	192	371	173	461	452	9	124	139	408	374	420	444	197	19	439	223	426	249	222	307	39	478	112	311
100	343	50	304	166	475	377	417	441	242	323	402	352	15	241	315	408	346	347	55	4	439	164	178	222	250	441	423	406	386	56	162	20	149	33	145	235	229	376	180	195	424	337	453	81	353	376	457	390	430	259	325	57	85	80	468	133	294	206	73	203	231	202	17	353	450	424	250	500	156	417	358	158	226	446	403	59	294	280	449
422	429	392	203	124	224	316	331	78	60	225	56	243	352	494	374	22	53	188	367	250	375	462	356	189	144	73	330	479	17	452	460	351	399	11	154	272	50	368	158	452	227	449	146	15	365	306	231	496	312	0	262	163	255	318	134	492	22	380	32	16	82	336	184	22	300	267	393	409	404	44	447	446	276	430	150	52	88	134	382
39	42	399	138	413	448	388	123	118	390	9	112	275	323	137	278	255	305	263	378	263	63	452	455	296	336	126	76	6	188	62	181	107	76	313	486	96	56	3	446	376	53	125	317	42	256	407	201	25	208	381	165	151	456	378	482	346	364	396	127	266	132	295	61	231	252	87	243	170	332	259	467	402	86	300	65	29	484	206	429
336	183	260	211	134	330	353	149	211	452	113	403	469	31	157	162	483	238	447	223	86	270	100	445	148	5	436	467	250	212	113	32	100	75	274	242	454	123	344	279	69	392	175	109	431	225	406	16	94	393	464	438	114	38	146	129	411	378	166	73	84	358	195	278	345	69	257	247	386	56	315	400	252	403	111	302	318	293	255	334
64	344	164	103	118	238	211	110	209	336	262	149	347	454	233	98	461	458	23	222	244	435	343	310	355	205	471	28	16	326	252	320	137	436	218	426	83	151	392	179	289	477	443	197	62	86	47	83	317	320	422	45	392	177	144	464	468	79	122	97	120	13	374	205	394	197	311	367	3	406	39	496	242	130	255	42	383	206	159	150
340	93	216	241	73	273	159	227	140	39	285	301	445	134	7	65	112	70	120	449	175	44	463	149	135	211	161	24	92	452	164	60	46	251	422	202	94	357	12	52	390	469	224	303	160	11	22	301	199	202	476	460	290	308	106	223	482	363	151	214	21	40	165	214	210	436	50	400	110	337	270	160	486	239	321	407	341	107	121	436
436	89	307	295	114	177	19	166	212	485	409	381	116	363	47	239	47	131	152	105	381	368	464	291	249	402	4	216	329	273	319	40	378	205	54	257	323	239	495	189	312	360	462	26	387	273	465	432	44	375	202	246	434	140	312	224	80	205	495	364	62	453	226	10	349	88	147	380	396	330	144	121	344	56	231	301	64	15	20	428
444	445	365	234	12	261	221	174	385	394	453	362	20	237	101	488	72	289	425	445	57	364	320	464	354	190	170	445	52	132	451	472	115	299	355	106	476	451	377	443	301	75	29	338	265	410	417	148	250	216	482	217	491	79	426	276	454	361	311	42	307	41	489	343	126	375	222	255	388	476	74	366	269	495	92	169	175	349	309	87
135	449	173	497	463	22	382	181	464	216	48	479	390	330	424	357	199	122	111	43	391	444	218	371	207	120	13	452	110	416	350	31	430	95	258	42	350	298	284	472	318	339	386	1	19	239	227	305	378	34	95	492	12	258	212	149	2	188	213	116	235	443	29	255	451	46	208	71	216	384	10	270	165	56	383	489	385	341	492	333
72	58	381	435	388	315	406	2	54	182	166	304	82	71	386	47	91	99	69	259	83	316	274	372	24	169	187	221	87	129	442	352	479	42	350	494	55	47	500	263	80	144	79	350	76	388	131	411	78	96	262	163	60	177	86	222	471	23	464	155	2	490	461	422	42	191	214	6	296	456	261	0	53	263	282	389	327	346	187	346
170	33	94	131	119	3	113	479	286	132	448	383	134	225	356	290	202	313	151	386	85	1	94	32	132	2	304	30	349	155	426	250	185	295	340	454	212	61	253	311	196	345	4	49	272	408	106	465	60	303	317	254	86	462	291	264	414	343	220	307	396	431	103	430	116	356	70	73	368	65	180	368	247	468	153	203	43	382	169	56
369	348	360	45	181	200	286	55	484	57	496	307	194	413	75	281	413	434	419	180	378	417	389	415	157	268	155	462	194	65	41	329	360	404	150	151	50	81	83	227	498	14	202	215	184	408	283	38	100	85	325	103	462	46	253	291	371	89	332	389	257	313	220	367	103	359	369	252	294	183	141	380	83	279	14	213	279	192	234	68
481	159	32	343	63	153	388	439	118	154	456	465	279	95	313	144	313	41	141	190	99	419	39	224	487	56	78	390	53	456	449	463	147	152	410	441	430	342	1	370	146	329	131	111	311	153	471	10	311	254	175	325	172	458	320	193	165	140	281	486	421	460	169	101	262	150	85	193	183	491	63	217	218	427	265	300	414	160	200	345
347	373	424	147	465	185	331	381	179	235	120	291	459	134	440	235	101	143	309	475	90	367	265	375	245	304	223	106	358	95	256	399	241	185	117	314	17	287	50	292	402	53	483	246	146	320	62	8	439	97	489	76	8	436	344	235	140	189	287	10	436	13	176	144	382	174	51	106	78	396	387	466	466	139	6	140	118	411	53	274
159	33	212	215	353	112	195	380	216	265	170	377	116	352	262	47	4	131	180	63	455	374	397	364	162	335	370	495	14	189	372	445	414	437	282	251	71	454	37	463	116	480	105	202	308	140	4	486	0	95	265	89	73	341	192	216	262	481	78	294	203	337	367	42	250	22	439	408	344	26	323	448	253	237	469	108	419	234	459	364
361	368	183	312	387	364	460	308	75	349	312	224	252	125	487	141	216	167	242	263	380	213	33	333	15	68	311	414	28	91	355	221	100	271	70	248	400	17	8	39	311	456	388	94	224	408	249	263	68	391	224	120	237	124	298	454	248	365	202	331	158	79	11	248	256	137	151	328	203	73	327	28	247	385	199	181	294	304	7	144
73	198	231	222	443	274	99	2	405	80	148	248	332	125	468	203	240	458	8	486	20	485	22	332	431	15	108	89	420	223	331	138	245	435	103	361	289	445	225	69	91	362	110	34	352	184	11	283	198	280	373	410	429	285	366	257	104	183	179	112	312	105	356	463	478	75	184	46	499	291	418	70	80	300	456	128	92	102	88	492
223	252	125	484	316	20	128	7	144	279	159	310	266	316	176	227	35	266	146	450	350	416	303	181	26	393	257	27	330	118	435	166	372	495	304	158	500	40	361	458	58	448	133	375	68	174	361	281	123	58	275	93	58	162	391	454	239	310	421	111	435	7	71	6	44	105	31	375	321	470	282	147	72	163	3	457	87	419	88	493
468	29	399	335	128	454	275	175	279	221	397	468	393	311	408	29	121	174	22	54	444	142	289	308	96	460	139	186	449	179	97	26	97	19	478	272	62	477	103	68	91	397	18	26	299	226	307	67	288	363	353	173	92	113	328	373	46	400	258	278	489	15	500	248	425	170	185	238	475	153	285	232	107	235	70	473	449	47	64	500
201	170	389	294	103	202	491	176	305	404	257	71	172	370	129	413	100	464	495	430	432	442	78	357	88	39	390	490	186	3	316	351	391	447	247	56	272	208	475	435	120	354	141	155	55	165	149	327	312	323	359	231	280	50	123	485	455	28	465	458	424	126	102	61	179	253	289	415	84	424	321	39	302	362	205	337	427	346	281	32
375	256	245	273	160	157	451	464	230	315	465	491	231	319	448	100	226	7	226	13	178	118	315	213	314	53	418	262	105	349	249	290	289	431	19	346	29	435	272	374	88	97	200	359	420	34	211	63	28	42	452	130	265	222	157	32	237	165	259	205	312	256	111	58	436	306	150	65	295	310	133	84	129	9	119	219	472	436	428	361
143	101	226	77	438	469	421	418	248	351	169	47	372	275	271	273	334	1	407	43	104	366	254	95	367	288	234	329	53	30	456	158	122	384	54	177	404	15	279	341	197	244	86	382	426	162	498	415	81	107	291	251	411	33	463	198	86	475	228	206	39	207	115	389	441	63	252	105	209	480	488	3	318	421	477	70	48	3	486	50
365	484	229	111	440	346	294	97	190	228	188	493	441	254	256	486	129	333	451	31	231	106	303	460	399	190	247	387	47	1	312	19	338	264	426	468	73	493	495	316	134	321	237	14	100	182	412	354	482	332	147	233	319	171	267	175	482	380	326	110	401	428	355	434	254	65	379	435	271	419	51	403	165	8	246	215	221	469	22	179
268	107	136	155	462	191	325	351	370	341	259	130	475	169	341	418	173	143	481	383	469	469	92	491	310	190	293	63	98	290	19	389	263	136	310	286	173	113	397	289	335	36	177	7	338	105	291	396	454	29	412	362	395	176	223	180	147	141	9	26	312	458	9	167	168	37	19	121	139	463	395	405	299	152	12	175	312	76	439	243
362	282	467	5	123	338	121	219	498	48	296	357	112	328	278	457	442	331	108	346	116	94	256	47	148	430	157	253	326	459	161	447	197	252	299	421	364	235	169	102	489	472	145	68	222	107	384	160	419	466	209	169	448	320	261	230	179	308	180	436	130	354	70	473	188	210	193	239	425	357	349	276	315	151	355	340	1	281	11	103
336	0	482	43	63	67	74	18	482	322	327	274	434	401	433	173	376	131	348	31	18	293	485	182	115	26	243	491	476	104	253	488	55	104	407	409	420	317	417	307	343	127	203	292	301	147	110	74	336	80	213	410	297	489	475	316	388	153	435	337	475	18	191	12	86	265	478	133	67	405	225	331	235	26	453	425	468	246	342	35
359	397	153	199	199	323	131	418	173	239	310	494	270	37	58	469	304	406	341	189	211	36	117	346	350	230	227	312	453	80	265	223	22	443	278	220	308	295	420	367	75	428	201	235	190	301	21	54	433	158	142	27	484	119	149	122	385	424	471	182	316	466	119	156	473	206	200	193	5	233	462	398	34	402	342	186	211	138	287	53
138	344	209	114	237	330	479	304	380	135	318	308	299	188	145	439	217	384	402	429	99	495	190	360	143	130	353	138	144	79	420	432	73	165	258	295	267	227	143	120	47	316	308	355	403	371	197	301	91	330	283	275	90	391	25	165	182	144	384	277	76	56	375	156	437	297	353	22	145	457	12	39	86	62	264	428	214	463	310	322
300	163	324	27	320	288	39	376	105	413	82	187	391	423	455	322	327	369	314	127	353	63	260	394	179	187	488	286	148	229	334	482	153	484	183	170	428	177	406	409	279	265	345	406	114	126	330	197	405	364	219	383	256	37	396	78	211	202	223	116	440	258	162	164	31	392	385	329	261	18	94	216	252	412	102	338	81	440	349	381
476	326	376	435	125	465	58	61	178	0	169	384	158	384	276	218	129	358	315	249	307	327	361	157	411	46	307	33	8	386	380	369	162	283	387	426	429	210	167	170	426	133	242	49	377	457	210	387	25	18	95	357	304	58	93	110	144	417	30	494	178	349	255	422	208	292	180	397	365	90	77	462	424	279	260	415	191	387	93	171
177	98	235	402	59	40	366	273	328	328	57	448	347	30	432	30	40	248	238	483	226	10	319	91	281	187	86	198	256	337	99	273	23	232	382	428	205	207	416	150	368	239	121	176	289	295	303	35	215	341	166	161	157	497	133	190	56	390	412	53	461	435	446	469	429	48	274	431	167	46	333	104	136	286	437	14	248	30	355	251
410	257	290	414	191	3	201	474	192	379	99	392	85	346	248	59	314	49	98	182	408	114	55	95	476	265	108	28	388	426	403	202	272	236	147	344	176	390	10	159	392	54	287	218	358	366	389	194	14	296	247	70	244	167	440	400	292	208	380	323	122	207	435	99	116	476	253	124	449	371	12	315	75	97	296	190	84	315	380	219
163	295	241	172	234	99	119	473	402	114	423	20	364	349	28	116	116	88	128	337	247	335	40	117	266	38	51	44	98	95	242	108	317	495	336	99	264	239	282	447	451	23	300	280	221	352	235	479	423	247	341	408	267	95	314	309	343	328	212	197	199	197	136	457	286	398	120	304	102	175	166	165	245	256	96	309	48	240	74	167
361	71	57	138	13	413	370	9	321	206	495	231	225	17	64	368	214	25	380	498	361	131	242	43	234	284	262	117	207	85	10	197	94	418	367	425	304	103	267	358	456	281	170	406	441	348	47	6	418	280	480	85	63	337	234	416	419	302	59	409	127	265	131	94	215	268	283	55	224	118	349	207	467	108	202	345	152	277	110	409
400	247	177	290	188	163	143	464	322	478	26	453	245	175	214	346	337	427	35	320	305	430	426	367	426	158	194	34	111	475	457	68	212	154	38	148	139	272	321	316	440	216	400	48	318	437	45	427	323	174	100	349	395	251	38	114	154	393	158	355	31	225	437	219	118	453	236	111	253	339	482	229	38	371	49	181	303	418	399	495
26	283	406	44	65	11	123	260	479	161	31	5	268	49	270	407	3	12	300	250	322	496	126	220	12	35	250	495	60	202	152	362	99	57	472	199	49	444	219	212	378	300	157	92	105	10	184	365	481	191	124	230	133	360	339	1	455	88	346	254	269	381	47	336	249	196	117	47	226	306	491	80	378	50	289	78	181	399	50	224
68	73	196	75	393	306	134	302	73	44	403	263	307	292	412	109	372	188	206	257	287	268	494	227	209	160	76	85	268	274	459	252	376	298	214	295	378	410	205	54	174	490	212	492	318	336	341	398	415	181	141	481	366	297	348	139	207	274	321	380	367	62	418	460	104	88	213	179	181	348	229	310	223	438	160	81	420	51	496	115
478	355	75	314	75	75	34	416	495	299	285	142	23	234	61	108	356	414	173	298	62	277	90	15	35	158	475	483	451	395	56	436	108	199	351	86	18	144	243	80	97	438	472	117	426	383	124	156	264	3	138	99	230	289	461	139	334	477	81	280	96	246	126	451	430	380	321	309	444	314	175	477	391	316	489	4	345	72	348	322
420	268	436	138	6	455	83	394	389	499	136	329	218	428	131	191	156	436	142	272	187	59	323	322	171	7	424	143	378	23	258	233	83	194	436	446	189	360	442	169	183	52	189	422	347	398	498	433	406	136	325	305	180	114	451	287	198	473	96	244	329	174	152	293	431	94	36	260	496	256	416	183	491	403	118	177	107	177	438	288
421	465	191	223	435	262	50	484	293	4	283	83	350	7	260	238	483	7	158	209	279	495	131	208	295	297	446	32	103	33	105	388	133	146	109	354	334	276	48	287	77	305	26	388	453	169	313	218	22	2	292	493	383	334	110	420	42	350	384	431	75	28	244	313	60	17	301	425	79	367	200	49	204	234	50	325	491	216	161	192
382	472	499	77	425	450	472	386	80	426	343	500	2	112	201	302	498	246	474	184	448	459	232	389	148	500	26	432	351	280	265	125	391	481	193	277	407	445	28	302	54	150	388	167	54	126	397	497	228	396	349	499	218	131	171	120	123	182	278	72	192	364	240	318	455	258	234	294	352	207	167	492	163	373	171	78	286	54	417	170
