23	500	73	111	391	308	277	441	195	223
41	348	409	120	194	96	391	93	36	111
18	444	214	119	49	386	381	184	238	201
386	118	241	289	199	496	144	218	137	424
439	432	80	491	159	369	116	308	50	159
7	298	67	298	18	215	328	17	305	9
97	368	270	402	395	285	59	368	279	350
404	75	456	228	330	157	446	99	235	55
210	181	199	389	144	318	116	300	205	472
231	333	321	0	0	492	329	474	156	324

498	425	66	270	432	469	80	3	441	79
359	75	378	46	33	495	253	466	448	280
423	405	218	151	307	428	36	63	404	191
223	481	346	222	268	155	345	423	105	230
60	259	243	393	277	174	387	172	414	226
426	330	183	274	483	58	437	280	316	66
237	335	325	363	62	416	65	342	64	85
437	477	142	428	437	284	305	23	496	214
326	99	414	83	82	235	307	9	119	229
83	113	408	497	284	382	43	215	45	306
