23	500	73	111	391	308	277	441	195	223	41	348	409	120	194	96	391	93	36	111	18	444	214	119	49	386	381	184	238	201	386	118	241	289	199	496	144	218	137	424
439	432	80	491	159	369	116	308	50	159	7	298	67	298	18	215	328	17	305	9	97	368	270	402	395	285	59	368	279	350	404	75	456	228	330	157	446	99	235	55
210	181	199	389	144	318	116	300	205	472	231	333	321	0	0	492	329	474	156	324	498	425	66	270	432	469	80	3	441	79	359	75	378	46	33	495	253	466	448	280
423	405	218	151	307	428	36	63	404	191	223	481	346	222	268	155	345	423	105	230	60	259	243	393	277	174	387	172	414	226	426	330	183	274	483	58	437	280	316	66
237	335	325	363	62	416	65	342	64	85	437	477	142	428	437	284	305	23	496	214	326	99	414	83	82	235	307	9	119	229	83	113	408	497	284	382	43	215	45	306
190	449	372	24	269	69	441	240	62	30	22	289	411	150	201	360	242	196	210	261	471	146	18	76	419	413	500	20	278	249	258	244	416	55	217	180	346	169	210	220
485	407	66	313	254	141	178	337	425	447	74	111	322	308	313	288	397	361	4	488	309	227	73	439	285	71	140	447	178	237	347	498	95	490	346	109	3	246	135	438
103	240	182	472	363	445	164	238	276	462	476	190	459	58	428	330	9	460	198	417	66	318	310	420	20	178	50	163	354	442	54	129	348	0	158	184	16	391	23	406
288	290	227	161	92	273	112	498	390	16	464	311	86	159	194	436	165	229	487	452	445	267	362	254	114	296	448	311	243	211	165	185	370	115	42	298	179	457	62	428
373	332	486	235	468	353	207	31	184	49	405	302	106	290	198	394	151	481	56	234	235	89	375	431	235	334	496	424	30	218	442	381	482	254	313	261	207	31	438	493
12	453	39	359	376	340	131	432	256	241	110	486	323	487	9	433	141	92	117	352	207	187	383	462	360	206	388	253	318	167	398	199	377	288	33	350	370	84	118	170
292	164	277	326	118	427	411	423	156	9	53	255	162	104	319	318	145	17	132	463	286	397	241	324	155	282	77	102	200	451	440	438	352	483	256	214	196	437	188	63
96	398	324	292	167	13	5	61	328	168	264	14	165	345	163	151	243	276	235	316	222	413	311	226	298	383	362	61	102	80	73	20	18	277	256	278	338	376	48	97
131	197	85	237	261	79	10	100	289	323	14	35	136	304	267	94	34	75	65	47	491	74	292	70	401	128	344	436	471	59	135	346	436	248	490	171	78	151	458	400
404	110	443	423	250	178	185	386	48	91	140	177	241	425	432	33	257	213	307	151	229	136	129	234	475	52	49	314	211	34	179	153	456	444	110	282	301	446	390	55
0	339	101	444	338	462	138	118	293	199	123	324	116	8	362	225	183	414	122	23	45	459	117	319	398	344	57	389	77	125	457	346	17	126	341	85	260	336	281	288
1	442	56	456	104	439	413	210	342	397	81	100	384	408	490	40	256	236	267	494	475	235	217	135	354	122	381	348	256	81	275	358	196	334	188	350	183	478	435	179
432	422	432	368	423	421	307	481	76	463	368	248	405	274	124	318	384	428	72	116	470	458	150	333	98	43	496	421	66	261	31	286	378	381	292	209	225	461	443	161
153	299	205	425	337	121	370	124	24	33	66	286	193	389	148	154	23	153	481	466	366	480	215	130	372	85	474	173	10	414	227	390	104	130	88	470	23	13	200	80
163	310	189	197	37	56	361	491	234	320	100	354	8	380	427	54	6	15	201	277	56	384	99	279	311	51	231	91	116	448	20	168	75	255	122	272	27	126	65	62
143	325	270	369	124	247	373	165	363	424	392	229	265	369	179	32	231	227	50	415	340	321	144	372	182	247	1	362	101	19	405	376	350	73	460	107	294	5	404	370
497	1	310	301	193	294	139	93	283	370	376	262	54	52	235	433	300	194	16	343	348	362	420	343	109	474	467	17	66	326	494	438	359	263	166	163	339	124	254	260
285	480	115	208	235	108	440	441	472	30	132	300	20	340	473	392	377	291	51	367	141	218	460	191	36	46	261	423	274	454	384	161	389	178	426	499	203	460	390	282
435	2	480	480	250	418	74	260	305	18	51	115	25	305	69	228	451	228	401	360	349	301	40	425	280	406	178	181	339	488	122	206	88	172	258	39	285	388	148	362
343	346	281	16	473	3	350	487	196	165	332	227	180	29	349	68	399	353	487	365	95	408	202	483	268	21	315	219	280	58	81	374	65	295	62	50	312	96	7	413
476	365	119	151	177	17	306	4	134	140	196	334	498	112	263	486	221	188	149	241	79	21	305	242	141	93	448	330	272	65	184	363	0	468	438	400	47	368	313	94
17	32	68	142	250	198	211	342	286	57	487	475	241	218	386	38	424	161	377	429	67	0	462	361	173	107	383	66	14	54	24	427	141	50	431	183	381	471	48	487
272	333	338	282	135	34	75	291	435	199	463	101	255	484	417	188	91	72	464	482	105	13	391	52	320	135	318	468	403	379	271	101	61	181	76	19	47	112	387	220
77	61	198	306	40	407	389	45	440	19	24	104	157	388	114	499	499	346	135	453	249	289	64	400	208	463	269	73	310	196	388	47	438	187	312	408	85	171	436	456
59	427	298	158	255	482	391	35	70	101	170	47	4	61	31	243	433	68	336	364	371	36	104	489	465	308	476	317	494	430	498	477	360	386	59	182	358	214	474	334
54	454	4	332	76	155	291	286	208	291	415	150	343	367	167	45	15	156	372	418	84	132	149	377	159	17	457	497	213	116	145	108	371	499	230	344	122	287	172	213
163	315	391	306	168	234	335	409	32	260	468	278	481	77	415	366	145	290	248	160	163	282	83	265	156	85	17	312	419	392	217	220	96	186	453	358	320	14	55	43
129	328	152	182	258	384	297	54	88	317	477	190	253	403	244	358	455	277	308	453	184	370	275	355	80	500	57	450	98	126	418	176	230	377	169	148	282	221	48	236
391	389	237	143	80	265	402	380	322	75	358	112	118	393	397	139	183	208	174	328	475	449	351	484	269	446	390	262	11	238	429	457	480	322	494	7	390	82	232	349
454	250	30	401	437	82	335	482	289	352	178	287	370	344	350	239	85	226	6	217	490	81	265	319	345	410	336	118	437	446	0	307	385	199	13	391	59	214	448	282
86	462	461	55	313	418	373	26	90	96	319	153	455	289	277	99	129	341	181	360	32	460	406	449	216	138	400	258	314	168	367	422	81	427	398	192	102	166	12	444
442	484	254	452	49	290	176	292	489	181	413	209	54	232	102	120	419	139	187	25	83	138	362	423	151	51	71	445	293	2	231	114	423	81	68	71	397	69	324	73
41	125	95	94	239	64	415	357	470	335	0	67	118	296	375	210	101	143	407	120	303	116	491	147	164	11	97	80	7	185	203	147	168	208	495	102	53	95	152	53
315	118	484	193	397	452	326	148	269	487	292	5	32	128	1	271	352	9	131	293	292	453	434	14	84	290	405	127	482	26	100	79	490	487	140	458	70	361	389	237
173	347	192	199	158	379	91	402	193	266	71	20	290	134	106	397	435	307	19	256	4	476	476	236	315	33	163	442	236	300	285	134	238	381	453	155	315	31	395	451

166	24	475	268	38	248	98	405	265	447	178	219	423	372	65	99	48	457	145	338	362	29	399	484	335	423	288	181	375	88	145	271	72	436	192	265	200	435	496	301
449	174	117	447	334	298	11	203	262	308	480	273	325	103	335	484	0	278	185	176	8	369	209	41	205	167	417	19	36	47	332	225	35	326	305	317	389	17	494	213
483	57	216	18	168	126	214	403	3	362	433	116	485	259	124	188	220	77	34	269	456	22	351	159	489	437	82	32	13	148	82	101	334	207	66	428	182	168	448	289
306	418	10	417	56	216	279	156	32	314	310	5	384	282	374	160	103	187	386	171	101	140	355	198	63	424	455	270	75	281	50	403	341	9	185	323	186	248	433	200
458	136	415	419	253	17	235	422	129	64	377	301	428	374	440	81	104	494	78	302	422	468	112	133	120	67	389	229	318	453	263	308	64	30	418	69	98	392	252	221
29	140	110	224	407	61	51	387	307	161	333	113	241	401	227	143	321	454	439	155	88	39	340	268	185	33	177	414	108	453	36	278	292	221	134	334	434	437	373	360
19	36	401	134	422	351	109	209	47	400	73	373	354	478	467	349	454	347	17	254	241	88	447	62	221	482	225	155	205	442	498	33	391	237	96	470	67	326	416	0
168	49	467	369	49	400	254	358	98	7	127	434	75	124	458	281	294	389	468	287	32	254	132	119	225	416	192	92	341	427	149	77	315	81	406	240	72	329	341	208
135	426	334	169	72	131	384	217	38	354	450	96	358	102	417	241	355	481	3	145	91	353	128	42	106	210	348	249	311	54	337	493	254	190	150	430	498	417	314	254
37	16	150	447	387	415	353	421	167	160	403	147	421	188	60	78	343	454	454	376	487	15	302	311	174	300	35	21	90	155	256	142	153	74	327	99	425	125	147	3
167	129	476	440	101	97	376	205	197	414	318	365	194	259	241	110	292	372	79	235	82	120	251	377	397	47	213	420	343	451	87	420	411	437	253	74	13	349	109	282
321	156	464	333	384	113	22	254	240	182	327	451	421	210	279	436	333	406	180	135	179	44	306	444	129	463	42	369	24	414	457	18	202	246	324	347	247	58	214	193
457	422	500	9	383	387	48	116	184	325	82	322	134	445	498	475	258	250	70	117	174	467	499	164	181	14	265	484	458	208	486	82	260	34	251	51	408	481	400	100
158	383	47	326	457	186	74	381	1	136	5	372	109	310	156	212	262	238	478	289	351	216	332	105	131	458	422	54	154	239	77	155	5	334	437	106	471	206	165	33
106	361	25	231	304	294	2	33	368	291	185	305	151	320	456	23	382	63	132	89	202	439	192	235	176	320	307	114	109	293	124	163	283	313	254	365	43	327	136	97
219	201	1	88	292	176	165	290	175	269	16	217	402	480	205	117	153	88	248	0	141	426	342	215	339	276	206	193	140	388	150	428	494	365	75	185	123	157	158	381
471	294	404	6	224	112	30	110	97	458	150	190	49	438	191	443	301	173	134	468	492	222	212	122	218	377	488	365	384	249	13	293	337	21	327	348	430	236	91	310
474	394	151	224	475	140	217	2	209	130	106	322	220	252	58	60	61	206	6	262	215	216	262	429	166	413	470	112	79	275	459	133	397	185	370	68	446	275	338	447
486	86	150	199	453	355	99	493	495	40	269	265	485	441	291	341	318	97	331	35	117	393	219	490	157	219	482	73	449	105	364	210	42	103	184	122	500	424	57	68
159	483	290	174	140	144	305	136	429	432	151	74	237	245	449	180	209	317	265	212	440	301	282	319	265	297	133	305	44	60	21	430	462	157	417	323	6	268	482	373
207	201	261	25	455	201	292	18	235	367	465	9	145	348	343	398	169	14	426	23	314	111	262	69	303	174	173	483	496	420	49	276	198	67	453	9	91	466	391	14
160	343	484	382	438	158	466	304	470	219	379	451	106	76	1	169	427	2	450	417	194	492	220	390	327	152	450	127	334	44	76	228	60	374	85	481	91	46	214	7
43	466	322	97	371	331	29	404	343	494	176	225	147	484	91	390	80	287	296	364	316	384	92	336	59	211	44	266	394	272	361	333	138	66	345	497	148	181	65	424
456	12	165	247	474	458	151	439	108	176	408	385	297	344	355	255	382	390	104	65	79	356	356	78	115	392	132	69	149	439	366	279	489	343	378	3	50	80	128	347
152	439	156	162	30	12	114	275	153	238	248	334	9	332	317	382	18	384	353	71	333	44	69	475	300	246	319	202	264	377	368	58	111	355	403	420	272	472	339	283
174	360	142	309	214	136	394	309	63	210	244	487	371	338	292	116	152	133	422	76	350	25	239	191	78	328	334	152	137	101	394	410	16	357	258	422	481	70	75	369
283	200	482	268	135	308	5	201	217	352	204	238	195	101	176	170	292	494	195	98	133	56	33	182	155	103	382	401	155	288	451	306	354	110	244	205	182	309	459	393
109	15	337	344	0	396	31	499	86	13	111	149	97	428	289	51	0	450	14	309	253	397	188	353	395	131	485	224	149	389	351	49	69	431	208	0	52	30	460	121
385	356	47	198	319	387	492	210	291	336	61	238	428	175	475	63	456	274	421	28	119	265	134	194	24	195	309	241	20	138	12	367	266	292	426	266	43	394	441	448
254	362	276	38	210	245	121	24	433	83	153	33	49	295	333	20	415	236	55	49	259	171	218	126	112	460	286	412	147	240	153	42	439	463	89	323	111	388	161	297
438	329	446	493	129	61	25	382	299	181	410	0	301	325	468	297	393	71	200	306	217	319	494	8	304	106	471	369	142	228	183	270	382	102	105	108	404	440	325	231
183	171	378	212	371	152	20	46	30	219	363	221	429	193	395	226	129	84	53	279	204	209	66	232	332	356	493	250	316	15	376	485	457	87	196	462	31	191	105	291
424	455	192	232	85	48	226	492	246	414	264	263	206	148	36	106	211	267	63	391	86	36	265	295	329	118	146	202	240	491	267	282	313	30	69	346	280	349	448	326
496	158	156	273	196	332	470	33	394	313	11	472	419	455	32	312	249	466	235	96	110	19	129	362	97	177	173	164	296	336	27	452	269	443	166	186	437	302	48	211
11	331	341	390	385	306	11	177	375	480	277	0	360	122	464	10	122	277	326	293	148	388	48	171	112	279	116	32	434	346	404	372	240	155	173	208	170	456	328	216
248	258	182	295	222	388	257	4	457	426	199	359	171	199	268	137	30	52	191	487	169	106	387	97	424	439	494	363	26	364	486	365	147	93	364	403	18	157	376	368
455	173	142	450	148	24	57	387	136	397	348	99	22	488	225	14	392	103	474	235	202	328	66	450	445	40	128	245	195	45	270	187	146	125	165	412	308	430	186	226
188	70	319	253	267	41	394	127	441	303	231	492	154	440	254	301	474	113	45	18	155	491	63	445	72	6	282	305	440	82	124	62	399	115	144	427	10	223	437	111
85	442	395	482	326	236	297	454	6	25	163	379	58	342	233	289	406	73	344	236	334	300	460	47	473	417	151	158	48	149	255	120	308	288	183	500	31	166	93	468
234	420	496	365	361	102	307	145	30	164	191	484	358	411	150	145	344	293	172	411	408	421	321	317	163	1	66	27	117	281	91	101	477	118	463	94	133	136	28	228
