23	500	73	111	391	308	277	441	195	223	41	348	409	120	194	96	391	93	36	111
18	444	214	119	49	386	381	184	238	201	386	118	241	289	199	496	144	218	137	424
439	432	80	491	159	369	116	308	50	159	7	298	67	298	18	215	328	17	305	9
97	368	270	402	395	285	59	368	279	350	404	75	456	228	330	157	446	99	235	55
210	181	199	389	144	318	116	300	205	472	231	333	321	0	0	492	329	474	156	324
498	425	66	270	432	469	80	3	441	79	359	75	378	46	33	495	253	466	448	280
423	405	218	151	307	428	36	63	404	191	223	481	346	222	268	155	345	423	105	230
60	259	243	393	277	174	387	172	414	226	426	330	183	274	483	58	437	280	316	66
237	335	325	363	62	416	65	342	64	85	437	477	142	428	437	284	305	23	496	214
326	99	414	83	82	235	307	9	119	229	83	113	408	497	284	382	43	215	45	306
190	449	372	24	269	69	441	240	62	30	22	289	411	150	201	360	242	196	210	261
471	146	18	76	419	413	500	20	278	249	258	244	416	55	217	180	346	169	210	220
485	407	66	313	254	141	178	337	425	447	74	111	322	308	313	288	397	361	4	488
309	227	73	439	285	71	140	447	178	237	347	498	95	490	346	109	3	246	135	438
103	240	182	472	363	445	164	238	276	462	476	190	459	58	428	330	9	460	198	417
66	318	310	420	20	178	50	163	354	442	54	129	348	0	158	184	16	391	23	406
288	290	227	161	92	273	112	498	390	16	464	311	86	159	194	436	165	229	487	452
445	267	362	254	114	296	448	311	243	211	165	185	370	115	42	298	179	457	62	428
373	332	486	235	468	353	207	31	184	49	405	302	106	290	198	394	151	481	56	234
235	89	375	431	235	334	496	424	30	218	442	381	482	254	313	261	207	31	438	493

12	453	39	359	376	340	131	432	256	241	110	486	323	487	9	433	141	92	117	352
207	187	383	462	360	206	388	253	318	167	398	199	377	288	33	350	370	84	118	170
292	164	277	326	118	427	411	423	156	9	53	255	162	104	319	318	145	17	132	463
286	397	241	324	155	282	77	102	200	451	440	438	352	483	256	214	196	437	188	63
96	398	324	292	167	13	5	61	328	168	264	14	165	345	163	151	243	276	235	316
222	413	311	226	298	383	362	61	102	80	73	20	18	277	256	278	338	376	48	97
131	197	85	237	261	79	10	100	289	323	14	35	136	304	267	94	34	75	65	47
491	74	292	70	401	128	344	436	471	59	135	346	436	248	490	171	78	151	458	400
404	110	443	423	250	178	185	386	48	91	140	177	241	425	432	33	257	213	307	151
229	136	129	234	475	52	49	314	211	34	179	153	456	444	110	282	301	446	390	55
0	339	101	444	338	462	138	118	293	199	123	324	116	8	362	225	183	414	122	23
45	459	117	319	398	344	57	389	77	125	457	346	17	126	341	85	260	336	281	288
1	442	56	456	104	439	413	210	342	397	81	100	384	408	490	40	256	236	267	494
475	235	217	135	354	122	381	348	256	81	275	358	196	334	188	350	183	478	435	179
432	422	432	368	423	421	307	481	76	463	368	248	405	274	124	318	384	428	72	116
470	458	150	333	98	43	496	421	66	261	31	286	378	381	292	209	225	461	443	161
153	299	205	425	337	121	370	124	24	33	66	286	193	389	148	154	23	153	481	466
366	480	215	130	372	85	474	173	10	414	227	390	104	130	88	470	23	13	200	80
163	310	189	197	37	56	361	491	234	320	100	354	8	380	427	54	6	15	201	277
56	384	99	279	311	51	231	91	116	448	20	168	75	255	122	272	27	126	65	62
